batch_size: 128
R_min: 0.01
R_max: 0.99
logK_min: 4.0
logK_max: 7.0
Y_min: 0.0
Y_max: 3.0
log_I_g_max: 6.0
log_I_g_min: 1.0
sigma_d: 0.15
sigma_g: 0.15
A_d: 0.12
A_g_prime_min: 0.12
A_g_prime_max: 0.16
A_g_prime_length: 10
gamma_1: 0.00017675
gamma_2: 0.0044
gamma_3_min: 0.0
gamma_3_max: 0.3333333333333333
gamma_3_length: 5
y_bar: 2.0
beta_f: 0.00186
eta: 0.17
varsigma: 0.002232
phi_d: 100.0
phi_g: 100.0
Gamma: 0.025
alpha_d: -0.0236
alpha_g: -0.0236
delta: 0.025
n_dims: 3
model_type: post_tech_post_damage
num_iterations: 2000000
logging_frequency: 1000
verbose: True
load_parameters: None
norm_weight: 0.9
log_xi_min: -3.0
log_xi_max: 5.0
log_xi_baseline_min: -3.0
log_xi_baseline_max: 5.0
pretrained_path: None
tensorboard: True
learning_rate_schedule_type: None
channel_type: full
optimizers: [<keras.optimizer_v2.adam.Adam object at 0x7f0d49c9f2e0>, <keras.optimizer_v2.adam.Adam object at 0x7f0cbfb303d0>, <keras.optimizer_v2.adam.Adam object at 0x7f0cbfb30400>, <keras.optimizer_v2.adam.Adam object at 0x7f0cbfb30430>]
load_solution: model_results.json
export_folder: /project/lhansen/Capital_NN/TwoCapital_NN/output/Four_distortion8_domain_full_shortrange_128_neurons_32_Agmin_0.12_Agmax_0.16_logxi_-3.0_logxibaseline_-3.0_num_iterations2000000/post_tech_post_damage
gamma_3: 0.15
log_xi: -2.3025850929940455
A_g_prime_list: [0.12, 0.12444444444444444, 0.1288888888888889, 0.13333333333333333, 0.13777777777777778, 0.14222222222222222, 0.14666666666666667, 0.1511111111111111, 0.15555555555555556, 0.16]
gamma_3_list: [0.0, 0.08333333333333333, 0.16666666666666666, 0.25, 0.3333333333333333]
state_intervals: {'log_xi': <tf.Tensor: shape=(129, 1), dtype=float32, numpy=
array([[-3.    ],
       [-2.9375],
       [-2.875 ],
       [-2.8125],
       [-2.75  ],
       [-2.6875],
       [-2.625 ],
       [-2.5625],
       [-2.5   ],
       [-2.4375],
       [-2.375 ],
       [-2.3125],
       [-2.25  ],
       [-2.1875],
       [-2.125 ],
       [-2.0625],
       [-2.    ],
       [-1.9375],
       [-1.875 ],
       [-1.8125],
       [-1.75  ],
       [-1.6875],
       [-1.625 ],
       [-1.5625],
       [-1.5   ],
       [-1.4375],
       [-1.375 ],
       [-1.3125],
       [-1.25  ],
       [-1.1875],
       [-1.125 ],
       [-1.0625],
       [-1.    ],
       [-0.9375],
       [-0.875 ],
       [-0.8125],
       [-0.75  ],
       [-0.6875],
       [-0.625 ],
       [-0.5625],
       [-0.5   ],
       [-0.4375],
       [-0.375 ],
       [-0.3125],
       [-0.25  ],
       [-0.1875],
       [-0.125 ],
       [-0.0625],
       [ 0.    ],
       [ 0.0625],
       [ 0.125 ],
       [ 0.1875],
       [ 0.25  ],
       [ 0.3125],
       [ 0.375 ],
       [ 0.4375],
       [ 0.5   ],
       [ 0.5625],
       [ 0.625 ],
       [ 0.6875],
       [ 0.75  ],
       [ 0.8125],
       [ 0.875 ],
       [ 0.9375],
       [ 1.    ],
       [ 1.0625],
       [ 1.125 ],
       [ 1.1875],
       [ 1.25  ],
       [ 1.3125],
       [ 1.375 ],
       [ 1.4375],
       [ 1.5   ],
       [ 1.5625],
       [ 1.625 ],
       [ 1.6875],
       [ 1.75  ],
       [ 1.8125],
       [ 1.875 ],
       [ 1.9375],
       [ 2.    ],
       [ 2.0625],
       [ 2.125 ],
       [ 2.1875],
       [ 2.25  ],
       [ 2.3125],
       [ 2.375 ],
       [ 2.4375],
       [ 2.5   ],
       [ 2.5625],
       [ 2.625 ],
       [ 2.6875],
       [ 2.75  ],
       [ 2.8125],
       [ 2.875 ],
       [ 2.9375],
       [ 3.    ],
       [ 3.0625],
       [ 3.125 ],
       [ 3.1875],
       [ 3.25  ],
       [ 3.3125],
       [ 3.375 ],
       [ 3.4375],
       [ 3.5   ],
       [ 3.5625],
       [ 3.625 ],
       [ 3.6875],
       [ 3.75  ],
       [ 3.8125],
       [ 3.875 ],
       [ 3.9375],
       [ 4.    ],
       [ 4.0625],
       [ 4.125 ],
       [ 4.1875],
       [ 4.25  ],
       [ 4.3125],
       [ 4.375 ],
       [ 4.4375],
       [ 4.5   ],
       [ 4.5625],
       [ 4.625 ],
       [ 4.6875],
       [ 4.75  ],
       [ 4.8125],
       [ 4.875 ],
       [ 4.9375],
       [ 5.    ]], dtype=float32)>, 'log_xi_interval_size': <tf.Tensor: shape=(1,), dtype=float32, numpy=array([0.0625], dtype=float32)>, 'log_xi_baseline': <tf.Tensor: shape=(129, 1), dtype=float32, numpy=
array([[-3.    ],
       [-2.9375],
       [-2.875 ],
       [-2.8125],
       [-2.75  ],
       [-2.6875],
       [-2.625 ],
       [-2.5625],
       [-2.5   ],
       [-2.4375],
       [-2.375 ],
       [-2.3125],
       [-2.25  ],
       [-2.1875],
       [-2.125 ],
       [-2.0625],
       [-2.    ],
       [-1.9375],
       [-1.875 ],
       [-1.8125],
       [-1.75  ],
       [-1.6875],
       [-1.625 ],
       [-1.5625],
       [-1.5   ],
       [-1.4375],
       [-1.375 ],
       [-1.3125],
       [-1.25  ],
       [-1.1875],
       [-1.125 ],
       [-1.0625],
       [-1.    ],
       [-0.9375],
       [-0.875 ],
       [-0.8125],
       [-0.75  ],
       [-0.6875],
       [-0.625 ],
       [-0.5625],
       [-0.5   ],
       [-0.4375],
       [-0.375 ],
       [-0.3125],
       [-0.25  ],
       [-0.1875],
       [-0.125 ],
       [-0.0625],
       [ 0.    ],
       [ 0.0625],
       [ 0.125 ],
       [ 0.1875],
       [ 0.25  ],
       [ 0.3125],
       [ 0.375 ],
       [ 0.4375],
       [ 0.5   ],
       [ 0.5625],
       [ 0.625 ],
       [ 0.6875],
       [ 0.75  ],
       [ 0.8125],
       [ 0.875 ],
       [ 0.9375],
       [ 1.    ],
       [ 1.0625],
       [ 1.125 ],
       [ 1.1875],
       [ 1.25  ],
       [ 1.3125],
       [ 1.375 ],
       [ 1.4375],
       [ 1.5   ],
       [ 1.5625],
       [ 1.625 ],
       [ 1.6875],
       [ 1.75  ],
       [ 1.8125],
       [ 1.875 ],
       [ 1.9375],
       [ 2.    ],
       [ 2.0625],
       [ 2.125 ],
       [ 2.1875],
       [ 2.25  ],
       [ 2.3125],
       [ 2.375 ],
       [ 2.4375],
       [ 2.5   ],
       [ 2.5625],
       [ 2.625 ],
       [ 2.6875],
       [ 2.75  ],
       [ 2.8125],
       [ 2.875 ],
       [ 2.9375],
       [ 3.    ],
       [ 3.0625],
       [ 3.125 ],
       [ 3.1875],
       [ 3.25  ],
       [ 3.3125],
       [ 3.375 ],
       [ 3.4375],
       [ 3.5   ],
       [ 3.5625],
       [ 3.625 ],
       [ 3.6875],
       [ 3.75  ],
       [ 3.8125],
       [ 3.875 ],
       [ 3.9375],
       [ 4.    ],
       [ 4.0625],
       [ 4.125 ],
       [ 4.1875],
       [ 4.25  ],
       [ 4.3125],
       [ 4.375 ],
       [ 4.4375],
       [ 4.5   ],
       [ 4.5625],
       [ 4.625 ],
       [ 4.6875],
       [ 4.75  ],
       [ 4.8125],
       [ 4.875 ],
       [ 4.9375],
       [ 5.    ]], dtype=float32)>, 'log_xi_baseline_interval_size': <tf.Tensor: shape=(1,), dtype=float32, numpy=array([0.0625], dtype=float32)>, 'gamma_3': <tf.Tensor: shape=(129, 1), dtype=float32, numpy=
array([[0.        ],
       [0.00260417],
       [0.00520833],
       [0.0078125 ],
       [0.01041667],
       [0.01302083],
       [0.015625  ],
       [0.01822917],
       [0.02083333],
       [0.0234375 ],
       [0.02604167],
       [0.02864583],
       [0.03125   ],
       [0.03385417],
       [0.03645834],
       [0.0390625 ],
       [0.04166667],
       [0.04427084],
       [0.046875  ],
       [0.04947917],
       [0.05208334],
       [0.0546875 ],
       [0.05729167],
       [0.05989584],
       [0.0625    ],
       [0.06510417],
       [0.06770834],
       [0.0703125 ],
       [0.07291667],
       [0.07552084],
       [0.078125  ],
       [0.08072917],
       [0.08333334],
       [0.0859375 ],
       [0.08854167],
       [0.09114584],
       [0.09375   ],
       [0.09635417],
       [0.09895834],
       [0.1015625 ],
       [0.10416667],
       [0.10677084],
       [0.109375  ],
       [0.11197917],
       [0.11458334],
       [0.1171875 ],
       [0.11979167],
       [0.12239584],
       [0.125     ],
       [0.12760417],
       [0.13020834],
       [0.1328125 ],
       [0.13541667],
       [0.13802084],
       [0.140625  ],
       [0.14322917],
       [0.14583334],
       [0.1484375 ],
       [0.15104167],
       [0.15364584],
       [0.15625   ],
       [0.15885417],
       [0.16145834],
       [0.1640625 ],
       [0.16666667],
       [0.16927084],
       [0.171875  ],
       [0.17447917],
       [0.17708334],
       [0.1796875 ],
       [0.18229167],
       [0.18489584],
       [0.1875    ],
       [0.19010417],
       [0.19270834],
       [0.1953125 ],
       [0.19791667],
       [0.20052084],
       [0.203125  ],
       [0.20572917],
       [0.20833334],
       [0.2109375 ],
       [0.21354167],
       [0.21614584],
       [0.21875   ],
       [0.22135417],
       [0.22395834],
       [0.2265625 ],
       [0.22916667],
       [0.23177084],
       [0.234375  ],
       [0.23697917],
       [0.23958334],
       [0.2421875 ],
       [0.24479167],
       [0.24739584],
       [0.25      ],
       [0.2526042 ],
       [0.25520834],
       [0.2578125 ],
       [0.2604167 ],
       [0.26302084],
       [0.265625  ],
       [0.2682292 ],
       [0.27083334],
       [0.2734375 ],
       [0.2760417 ],
       [0.27864584],
       [0.28125   ],
       [0.2838542 ],
       [0.28645834],
       [0.2890625 ],
       [0.2916667 ],
       [0.29427084],
       [0.296875  ],
       [0.2994792 ],
       [0.30208334],
       [0.3046875 ],
       [0.3072917 ],
       [0.30989584],
       [0.3125    ],
       [0.3151042 ],
       [0.31770834],
       [0.3203125 ],
       [0.3229167 ],
       [0.32552084],
       [0.328125  ],
       [0.3307292 ],
       [0.33333334]], dtype=float32)>, 'gamma_3_interval_size': <tf.Tensor: shape=(1,), dtype=float32, numpy=array([0.00260417], dtype=float32)>, 'A_g_prime': <tf.Tensor: shape=(129, 1), dtype=float32, numpy=
array([[0.12      ],
       [0.1203125 ],
       [0.120625  ],
       [0.1209375 ],
       [0.12125   ],
       [0.1215625 ],
       [0.121875  ],
       [0.1221875 ],
       [0.12249999],
       [0.12281249],
       [0.12312499],
       [0.12343749],
       [0.12374999],
       [0.12406249],
       [0.124375  ],
       [0.1246875 ],
       [0.125     ],
       [0.12531249],
       [0.125625  ],
       [0.12593749],
       [0.12625   ],
       [0.12656249],
       [0.126875  ],
       [0.12718749],
       [0.1275    ],
       [0.1278125 ],
       [0.128125  ],
       [0.12843749],
       [0.12875   ],
       [0.1290625 ],
       [0.129375  ],
       [0.1296875 ],
       [0.13      ],
       [0.1303125 ],
       [0.130625  ],
       [0.1309375 ],
       [0.13125   ],
       [0.1315625 ],
       [0.131875  ],
       [0.1321875 ],
       [0.1325    ],
       [0.1328125 ],
       [0.13312499],
       [0.1334375 ],
       [0.13374999],
       [0.1340625 ],
       [0.13437499],
       [0.1346875 ],
       [0.13499999],
       [0.1353125 ],
       [0.135625  ],
       [0.1359375 ],
       [0.13624999],
       [0.1365625 ],
       [0.136875  ],
       [0.1371875 ],
       [0.1375    ],
       [0.1378125 ],
       [0.138125  ],
       [0.1384375 ],
       [0.13875   ],
       [0.1390625 ],
       [0.139375  ],
       [0.1396875 ],
       [0.14      ],
       [0.1403125 ],
       [0.140625  ],
       [0.14093749],
       [0.14125   ],
       [0.14156249],
       [0.141875  ],
       [0.14218749],
       [0.1425    ],
       [0.14281249],
       [0.143125  ],
       [0.1434375 ],
       [0.14375   ],
       [0.14406249],
       [0.144375  ],
       [0.1446875 ],
       [0.145     ],
       [0.1453125 ],
       [0.145625  ],
       [0.1459375 ],
       [0.14625   ],
       [0.1465625 ],
       [0.146875  ],
       [0.1471875 ],
       [0.1475    ],
       [0.1478125 ],
       [0.148125  ],
       [0.1484375 ],
       [0.14874999],
       [0.1490625 ],
       [0.14937499],
       [0.1496875 ],
       [0.14999999],
       [0.1503125 ],
       [0.15062499],
       [0.1509375 ],
       [0.15125   ],
       [0.1515625 ],
       [0.15187499],
       [0.1521875 ],
       [0.1525    ],
       [0.1528125 ],
       [0.15312499],
       [0.1534375 ],
       [0.15375   ],
       [0.1540625 ],
       [0.154375  ],
       [0.1546875 ],
       [0.155     ],
       [0.1553125 ],
       [0.155625  ],
       [0.1559375 ],
       [0.15625   ],
       [0.15656249],
       [0.156875  ],
       [0.15718749],
       [0.1575    ],
       [0.15781249],
       [0.158125  ],
       [0.15843749],
       [0.15875   ],
       [0.1590625 ],
       [0.159375  ],
       [0.15968749],
       [0.16      ]], dtype=float32)>, 'A_g_prime_interval_size': <tf.Tensor: shape=(1,), dtype=float32, numpy=array([0.0003125], dtype=float32)>, 'logK': <tf.Tensor: shape=(129, 1), dtype=float32, numpy=
array([[4.       ],
       [4.0234375],
       [4.046875 ],
       [4.0703125],
       [4.09375  ],
       [4.1171875],
       [4.140625 ],
       [4.1640625],
       [4.1875   ],
       [4.2109375],
       [4.234375 ],
       [4.2578125],
       [4.28125  ],
       [4.3046875],
       [4.328125 ],
       [4.3515625],
       [4.375    ],
       [4.3984375],
       [4.421875 ],
       [4.4453125],
       [4.46875  ],
       [4.4921875],
       [4.515625 ],
       [4.5390625],
       [4.5625   ],
       [4.5859375],
       [4.609375 ],
       [4.6328125],
       [4.65625  ],
       [4.6796875],
       [4.703125 ],
       [4.7265625],
       [4.75     ],
       [4.7734375],
       [4.796875 ],
       [4.8203125],
       [4.84375  ],
       [4.8671875],
       [4.890625 ],
       [4.9140625],
       [4.9375   ],
       [4.9609375],
       [4.984375 ],
       [5.0078125],
       [5.03125  ],
       [5.0546875],
       [5.078125 ],
       [5.1015625],
       [5.125    ],
       [5.1484375],
       [5.171875 ],
       [5.1953125],
       [5.21875  ],
       [5.2421875],
       [5.265625 ],
       [5.2890625],
       [5.3125   ],
       [5.3359375],
       [5.359375 ],
       [5.3828125],
       [5.40625  ],
       [5.4296875],
       [5.453125 ],
       [5.4765625],
       [5.5      ],
       [5.5234375],
       [5.546875 ],
       [5.5703125],
       [5.59375  ],
       [5.6171875],
       [5.640625 ],
       [5.6640625],
       [5.6875   ],
       [5.7109375],
       [5.734375 ],
       [5.7578125],
       [5.78125  ],
       [5.8046875],
       [5.828125 ],
       [5.8515625],
       [5.875    ],
       [5.8984375],
       [5.921875 ],
       [5.9453125],
       [5.96875  ],
       [5.9921875],
       [6.015625 ],
       [6.0390625],
       [6.0625   ],
       [6.0859375],
       [6.109375 ],
       [6.1328125],
       [6.15625  ],
       [6.1796875],
       [6.203125 ],
       [6.2265625],
       [6.25     ],
       [6.2734375],
       [6.296875 ],
       [6.3203125],
       [6.34375  ],
       [6.3671875],
       [6.390625 ],
       [6.4140625],
       [6.4375   ],
       [6.4609375],
       [6.484375 ],
       [6.5078125],
       [6.53125  ],
       [6.5546875],
       [6.578125 ],
       [6.6015625],
       [6.625    ],
       [6.6484375],
       [6.671875 ],
       [6.6953125],
       [6.71875  ],
       [6.7421875],
       [6.765625 ],
       [6.7890625],
       [6.8125   ],
       [6.8359375],
       [6.859375 ],
       [6.8828125],
       [6.90625  ],
       [6.9296875],
       [6.953125 ],
       [6.9765625],
       [7.       ]], dtype=float32)>, 'logK_interval_size': <tf.Tensor: shape=(1,), dtype=float32, numpy=array([0.0234375], dtype=float32)>, 'R': <tf.Tensor: shape=(129, 1), dtype=float32, numpy=
array([[0.01      ],
       [0.01765625],
       [0.0253125 ],
       [0.03296875],
       [0.040625  ],
       [0.04828125],
       [0.0559375 ],
       [0.06359375],
       [0.07125   ],
       [0.07890625],
       [0.0865625 ],
       [0.09421875],
       [0.101875  ],
       [0.10953125],
       [0.1171875 ],
       [0.12484375],
       [0.13250001],
       [0.14015625],
       [0.1478125 ],
       [0.15546876],
       [0.16312501],
       [0.17078125],
       [0.17843752],
       [0.18609376],
       [0.19375001],
       [0.20140626],
       [0.2090625 ],
       [0.21671876],
       [0.22437501],
       [0.23203126],
       [0.23968752],
       [0.24734376],
       [0.255     ],
       [0.26265624],
       [0.2703125 ],
       [0.27796873],
       [0.28562498],
       [0.29328126],
       [0.3009375 ],
       [0.30859375],
       [0.31625   ],
       [0.32390624],
       [0.3315625 ],
       [0.33921874],
       [0.346875  ],
       [0.35453126],
       [0.3621875 ],
       [0.36984375],
       [0.3775    ],
       [0.38515624],
       [0.3928125 ],
       [0.40046874],
       [0.40812498],
       [0.41578126],
       [0.4234375 ],
       [0.43109375],
       [0.43875   ],
       [0.44640625],
       [0.4540625 ],
       [0.46171874],
       [0.469375  ],
       [0.47703126],
       [0.4846875 ],
       [0.49234375],
       [0.5       ],
       [0.5076563 ],
       [0.5153125 ],
       [0.52296877],
       [0.530625  ],
       [0.53828126],
       [0.5459375 ],
       [0.55359375],
       [0.56125   ],
       [0.56890625],
       [0.5765625 ],
       [0.58421874],
       [0.591875  ],
       [0.59953123],
       [0.6071875 ],
       [0.6148437 ],
       [0.6225    ],
       [0.6301563 ],
       [0.6378125 ],
       [0.6454688 ],
       [0.653125  ],
       [0.66078126],
       [0.6684375 ],
       [0.67609376],
       [0.68375003],
       [0.69140625],
       [0.6990625 ],
       [0.70671874],
       [0.714375  ],
       [0.72203124],
       [0.7296875 ],
       [0.7373437 ],
       [0.745     ],
       [0.7526563 ],
       [0.7603125 ],
       [0.7679688 ],
       [0.775625  ],
       [0.78328127],
       [0.7909375 ],
       [0.79859376],
       [0.80625   ],
       [0.81390625],
       [0.8215625 ],
       [0.82921875],
       [0.836875  ],
       [0.84453124],
       [0.8521875 ],
       [0.85984373],
       [0.8675    ],
       [0.8751563 ],
       [0.8828125 ],
       [0.8904688 ],
       [0.898125  ],
       [0.90578127],
       [0.9134375 ],
       [0.92109376],
       [0.92875004],
       [0.93640625],
       [0.94406253],
       [0.95171875],
       [0.959375  ],
       [0.96703124],
       [0.9746875 ],
       [0.98234373],
       [0.99      ]], dtype=float32)>, 'R_interval_size': <tf.Tensor: shape=(1,), dtype=float32, numpy=array([0.00765625], dtype=float32)>, 'Y': <tf.Tensor: shape=(129, 1), dtype=float32, numpy=
array([[0.       ],
       [0.0234375],
       [0.046875 ],
       [0.0703125],
       [0.09375  ],
       [0.1171875],
       [0.140625 ],
       [0.1640625],
       [0.1875   ],
       [0.2109375],
       [0.234375 ],
       [0.2578125],
       [0.28125  ],
       [0.3046875],
       [0.328125 ],
       [0.3515625],
       [0.375    ],
       [0.3984375],
       [0.421875 ],
       [0.4453125],
       [0.46875  ],
       [0.4921875],
       [0.515625 ],
       [0.5390625],
       [0.5625   ],
       [0.5859375],
       [0.609375 ],
       [0.6328125],
       [0.65625  ],
       [0.6796875],
       [0.703125 ],
       [0.7265625],
       [0.75     ],
       [0.7734375],
       [0.796875 ],
       [0.8203125],
       [0.84375  ],
       [0.8671875],
       [0.890625 ],
       [0.9140625],
       [0.9375   ],
       [0.9609375],
       [0.984375 ],
       [1.0078125],
       [1.03125  ],
       [1.0546875],
       [1.078125 ],
       [1.1015625],
       [1.125    ],
       [1.1484375],
       [1.171875 ],
       [1.1953125],
       [1.21875  ],
       [1.2421875],
       [1.265625 ],
       [1.2890625],
       [1.3125   ],
       [1.3359375],
       [1.359375 ],
       [1.3828125],
       [1.40625  ],
       [1.4296875],
       [1.453125 ],
       [1.4765625],
       [1.5      ],
       [1.5234375],
       [1.546875 ],
       [1.5703125],
       [1.59375  ],
       [1.6171875],
       [1.640625 ],
       [1.6640625],
       [1.6875   ],
       [1.7109375],
       [1.734375 ],
       [1.7578125],
       [1.78125  ],
       [1.8046875],
       [1.828125 ],
       [1.8515625],
       [1.875    ],
       [1.8984375],
       [1.921875 ],
       [1.9453125],
       [1.96875  ],
       [1.9921875],
       [2.015625 ],
       [2.0390625],
       [2.0625   ],
       [2.0859375],
       [2.109375 ],
       [2.1328125],
       [2.15625  ],
       [2.1796875],
       [2.203125 ],
       [2.2265625],
       [2.25     ],
       [2.2734375],
       [2.296875 ],
       [2.3203125],
       [2.34375  ],
       [2.3671875],
       [2.390625 ],
       [2.4140625],
       [2.4375   ],
       [2.4609375],
       [2.484375 ],
       [2.5078125],
       [2.53125  ],
       [2.5546875],
       [2.578125 ],
       [2.6015625],
       [2.625    ],
       [2.6484375],
       [2.671875 ],
       [2.6953125],
       [2.71875  ],
       [2.7421875],
       [2.765625 ],
       [2.7890625],
       [2.8125   ],
       [2.8359375],
       [2.859375 ],
       [2.8828125],
       [2.90625  ],
       [2.9296875],
       [2.953125 ],
       [2.9765625],
       [3.       ]], dtype=float32)>, 'Y_interval_size': <tf.Tensor: shape=(1,), dtype=float32, numpy=array([0.0234375], dtype=float32)>}
