batch_size: 128
R_min: 0.01
R_max: 0.99
logK_min: 4.0
logK_max: 7.0
Y_min: 0.0
Y_max: 3.0
log_I_g_max: 6.0
log_I_g_min: 1.0
sigma_d: 0.15
sigma_g: 0.15
A_d: 0.12
A_g_prime_min: 0.12
A_g_prime_max: 0.16
A_g_prime_length: 10
gamma_1: 0.00017675
gamma_2: 0.0044
gamma_3_idx: 0
gamma_3_min: 0.0
gamma_3_max: 0.3333333333333333
gamma_3_length: 5
y_bar: 2.0
beta_f: 0.00186
eta: 0.17
varsigma: 0.002232
phi_d: 100.0
phi_g: 100.0
Gamma: 0.025
alpha_d: -0.0236
alpha_g: -0.0236
delta: 0.025
model_type: pre_tech_pre_damage
num_iterations: 2000000
logging_frequency: 1000
verbose: True
load_parameters: None
r_1: 1.5
r_2: 2.5
y_lower_bar: 1.5
norm_weight: 0.9
log_xi_min: -3.0
log_xi_max: 5.0
log_xi_baseline_min: -3.0
log_xi_baseline_max: 5.0
pretrained_path: None
tensorboard: True
learning_rate_schedule_type: None
channel_type: full
load_solution: model_results.json
n_dims: 4
zeta: 0.0
sigma_I: 0.016
varrho: 448
A_g: 0.1
psi_1: 0.5
psi_0: 0.10583
optimizers: [<keras.optimizer_v2.adam.Adam object at 0x7fbf995a22e0>, <keras.optimizer_v2.adam.Adam object at 0x7fbf0f42e430>, <keras.optimizer_v2.adam.Adam object at 0x7fbf0f42e460>, <keras.optimizer_v2.adam.Adam object at 0x7fbf0f42e490>]
v_pre_tech_post_damage_nn_path: /project/lhansen/Capital_NN/TwoCapital_NN/output/Four_distortion8_domain_full_shortrange_128_neurons_32_Agmin_0.12_Agmax_0.16_logxi_-3.0_logxibaseline_-3.0_num_iterations2000000/pre_tech_post_damage
v_post_tech_pre_damage_nn_path: /project/lhansen/Capital_NN/TwoCapital_NN/output/Four_distortion8_domain_full_shortrange_128_neurons_32_Agmin_0.12_Agmax_0.16_logxi_-3.0_logxibaseline_-3.0_num_iterations2000000/post_tech_pre_damage
export_folder: /project/lhansen/Capital_NN/TwoCapital_NN/output/Four_distortion8_domain_full_shortrange_128_neurons_32_Agmin_0.12_Agmax_0.16_logxi_-3.0_logxibaseline_-3.0_num_iterations2000000/pre_tech_pre_damage
gamma_3: 0.15
log_xi: -2.3025850929940455
A_g_prime_list: [0.12, 0.12444444444444444, 0.1288888888888889, 0.13333333333333333, 0.13777777777777778, 0.14222222222222222, 0.14666666666666667, 0.1511111111111111, 0.15555555555555556, 0.16]
gamma_3_list: [0.0, 0.08333333333333333, 0.16666666666666666, 0.25, 0.3333333333333333]
state_intervals: {'log_xi': <tf.Tensor: shape=(129, 1), dtype=float32, numpy=
array([[-3.    ],
       [-2.9375],
       [-2.875 ],
       [-2.8125],
       [-2.75  ],
       [-2.6875],
       [-2.625 ],
       [-2.5625],
       [-2.5   ],
       [-2.4375],
       [-2.375 ],
       [-2.3125],
       [-2.25  ],
       [-2.1875],
       [-2.125 ],
       [-2.0625],
       [-2.    ],
       [-1.9375],
       [-1.875 ],
       [-1.8125],
       [-1.75  ],
       [-1.6875],
       [-1.625 ],
       [-1.5625],
       [-1.5   ],
       [-1.4375],
       [-1.375 ],
       [-1.3125],
       [-1.25  ],
       [-1.1875],
       [-1.125 ],
       [-1.0625],
       [-1.    ],
       [-0.9375],
       [-0.875 ],
       [-0.8125],
       [-0.75  ],
       [-0.6875],
       [-0.625 ],
       [-0.5625],
       [-0.5   ],
       [-0.4375],
       [-0.375 ],
       [-0.3125],
       [-0.25  ],
       [-0.1875],
       [-0.125 ],
       [-0.0625],
       [ 0.    ],
       [ 0.0625],
       [ 0.125 ],
       [ 0.1875],
       [ 0.25  ],
       [ 0.3125],
       [ 0.375 ],
       [ 0.4375],
       [ 0.5   ],
       [ 0.5625],
       [ 0.625 ],
       [ 0.6875],
       [ 0.75  ],
       [ 0.8125],
       [ 0.875 ],
       [ 0.9375],
       [ 1.    ],
       [ 1.0625],
       [ 1.125 ],
       [ 1.1875],
       [ 1.25  ],
       [ 1.3125],
       [ 1.375 ],
       [ 1.4375],
       [ 1.5   ],
       [ 1.5625],
       [ 1.625 ],
       [ 1.6875],
       [ 1.75  ],
       [ 1.8125],
       [ 1.875 ],
       [ 1.9375],
       [ 2.    ],
       [ 2.0625],
       [ 2.125 ],
       [ 2.1875],
       [ 2.25  ],
       [ 2.3125],
       [ 2.375 ],
       [ 2.4375],
       [ 2.5   ],
       [ 2.5625],
       [ 2.625 ],
       [ 2.6875],
       [ 2.75  ],
       [ 2.8125],
       [ 2.875 ],
       [ 2.9375],
       [ 3.    ],
       [ 3.0625],
       [ 3.125 ],
       [ 3.1875],
       [ 3.25  ],
       [ 3.3125],
       [ 3.375 ],
       [ 3.4375],
       [ 3.5   ],
       [ 3.5625],
       [ 3.625 ],
       [ 3.6875],
       [ 3.75  ],
       [ 3.8125],
       [ 3.875 ],
       [ 3.9375],
       [ 4.    ],
       [ 4.0625],
       [ 4.125 ],
       [ 4.1875],
       [ 4.25  ],
       [ 4.3125],
       [ 4.375 ],
       [ 4.4375],
       [ 4.5   ],
       [ 4.5625],
       [ 4.625 ],
       [ 4.6875],
       [ 4.75  ],
       [ 4.8125],
       [ 4.875 ],
       [ 4.9375],
       [ 5.    ]], dtype=float32)>, 'log_xi_interval_size': <tf.Tensor: shape=(1,), dtype=float32, numpy=array([0.0625], dtype=float32)>, 'log_xi_baseline': <tf.Tensor: shape=(129, 1), dtype=float32, numpy=
array([[-3.    ],
       [-2.9375],
       [-2.875 ],
       [-2.8125],
       [-2.75  ],
       [-2.6875],
       [-2.625 ],
       [-2.5625],
       [-2.5   ],
       [-2.4375],
       [-2.375 ],
       [-2.3125],
       [-2.25  ],
       [-2.1875],
       [-2.125 ],
       [-2.0625],
       [-2.    ],
       [-1.9375],
       [-1.875 ],
       [-1.8125],
       [-1.75  ],
       [-1.6875],
       [-1.625 ],
       [-1.5625],
       [-1.5   ],
       [-1.4375],
       [-1.375 ],
       [-1.3125],
       [-1.25  ],
       [-1.1875],
       [-1.125 ],
       [-1.0625],
       [-1.    ],
       [-0.9375],
       [-0.875 ],
       [-0.8125],
       [-0.75  ],
       [-0.6875],
       [-0.625 ],
       [-0.5625],
       [-0.5   ],
       [-0.4375],
       [-0.375 ],
       [-0.3125],
       [-0.25  ],
       [-0.1875],
       [-0.125 ],
       [-0.0625],
       [ 0.    ],
       [ 0.0625],
       [ 0.125 ],
       [ 0.1875],
       [ 0.25  ],
       [ 0.3125],
       [ 0.375 ],
       [ 0.4375],
       [ 0.5   ],
       [ 0.5625],
       [ 0.625 ],
       [ 0.6875],
       [ 0.75  ],
       [ 0.8125],
       [ 0.875 ],
       [ 0.9375],
       [ 1.    ],
       [ 1.0625],
       [ 1.125 ],
       [ 1.1875],
       [ 1.25  ],
       [ 1.3125],
       [ 1.375 ],
       [ 1.4375],
       [ 1.5   ],
       [ 1.5625],
       [ 1.625 ],
       [ 1.6875],
       [ 1.75  ],
       [ 1.8125],
       [ 1.875 ],
       [ 1.9375],
       [ 2.    ],
       [ 2.0625],
       [ 2.125 ],
       [ 2.1875],
       [ 2.25  ],
       [ 2.3125],
       [ 2.375 ],
       [ 2.4375],
       [ 2.5   ],
       [ 2.5625],
       [ 2.625 ],
       [ 2.6875],
       [ 2.75  ],
       [ 2.8125],
       [ 2.875 ],
       [ 2.9375],
       [ 3.    ],
       [ 3.0625],
       [ 3.125 ],
       [ 3.1875],
       [ 3.25  ],
       [ 3.3125],
       [ 3.375 ],
       [ 3.4375],
       [ 3.5   ],
       [ 3.5625],
       [ 3.625 ],
       [ 3.6875],
       [ 3.75  ],
       [ 3.8125],
       [ 3.875 ],
       [ 3.9375],
       [ 4.    ],
       [ 4.0625],
       [ 4.125 ],
       [ 4.1875],
       [ 4.25  ],
       [ 4.3125],
       [ 4.375 ],
       [ 4.4375],
       [ 4.5   ],
       [ 4.5625],
       [ 4.625 ],
       [ 4.6875],
       [ 4.75  ],
       [ 4.8125],
       [ 4.875 ],
       [ 4.9375],
       [ 5.    ]], dtype=float32)>, 'log_xi_baseline_interval_size': <tf.Tensor: shape=(1,), dtype=float32, numpy=array([0.0625], dtype=float32)>, 'logK': <tf.Tensor: shape=(129, 1), dtype=float32, numpy=
array([[4.       ],
       [4.0234375],
       [4.046875 ],
       [4.0703125],
       [4.09375  ],
       [4.1171875],
       [4.140625 ],
       [4.1640625],
       [4.1875   ],
       [4.2109375],
       [4.234375 ],
       [4.2578125],
       [4.28125  ],
       [4.3046875],
       [4.328125 ],
       [4.3515625],
       [4.375    ],
       [4.3984375],
       [4.421875 ],
       [4.4453125],
       [4.46875  ],
       [4.4921875],
       [4.515625 ],
       [4.5390625],
       [4.5625   ],
       [4.5859375],
       [4.609375 ],
       [4.6328125],
       [4.65625  ],
       [4.6796875],
       [4.703125 ],
       [4.7265625],
       [4.75     ],
       [4.7734375],
       [4.796875 ],
       [4.8203125],
       [4.84375  ],
       [4.8671875],
       [4.890625 ],
       [4.9140625],
       [4.9375   ],
       [4.9609375],
       [4.984375 ],
       [5.0078125],
       [5.03125  ],
       [5.0546875],
       [5.078125 ],
       [5.1015625],
       [5.125    ],
       [5.1484375],
       [5.171875 ],
       [5.1953125],
       [5.21875  ],
       [5.2421875],
       [5.265625 ],
       [5.2890625],
       [5.3125   ],
       [5.3359375],
       [5.359375 ],
       [5.3828125],
       [5.40625  ],
       [5.4296875],
       [5.453125 ],
       [5.4765625],
       [5.5      ],
       [5.5234375],
       [5.546875 ],
       [5.5703125],
       [5.59375  ],
       [5.6171875],
       [5.640625 ],
       [5.6640625],
       [5.6875   ],
       [5.7109375],
       [5.734375 ],
       [5.7578125],
       [5.78125  ],
       [5.8046875],
       [5.828125 ],
       [5.8515625],
       [5.875    ],
       [5.8984375],
       [5.921875 ],
       [5.9453125],
       [5.96875  ],
       [5.9921875],
       [6.015625 ],
       [6.0390625],
       [6.0625   ],
       [6.0859375],
       [6.109375 ],
       [6.1328125],
       [6.15625  ],
       [6.1796875],
       [6.203125 ],
       [6.2265625],
       [6.25     ],
       [6.2734375],
       [6.296875 ],
       [6.3203125],
       [6.34375  ],
       [6.3671875],
       [6.390625 ],
       [6.4140625],
       [6.4375   ],
       [6.4609375],
       [6.484375 ],
       [6.5078125],
       [6.53125  ],
       [6.5546875],
       [6.578125 ],
       [6.6015625],
       [6.625    ],
       [6.6484375],
       [6.671875 ],
       [6.6953125],
       [6.71875  ],
       [6.7421875],
       [6.765625 ],
       [6.7890625],
       [6.8125   ],
       [6.8359375],
       [6.859375 ],
       [6.8828125],
       [6.90625  ],
       [6.9296875],
       [6.953125 ],
       [6.9765625],
       [7.       ]], dtype=float32)>, 'logK_interval_size': <tf.Tensor: shape=(1,), dtype=float32, numpy=array([0.0234375], dtype=float32)>, 'R': <tf.Tensor: shape=(129, 1), dtype=float32, numpy=
array([[0.01      ],
       [0.01765625],
       [0.0253125 ],
       [0.03296875],
       [0.040625  ],
       [0.04828125],
       [0.0559375 ],
       [0.06359375],
       [0.07125   ],
       [0.07890625],
       [0.0865625 ],
       [0.09421875],
       [0.101875  ],
       [0.10953125],
       [0.1171875 ],
       [0.12484375],
       [0.13250001],
       [0.14015625],
       [0.1478125 ],
       [0.15546876],
       [0.16312501],
       [0.17078125],
       [0.17843752],
       [0.18609376],
       [0.19375001],
       [0.20140626],
       [0.2090625 ],
       [0.21671876],
       [0.22437501],
       [0.23203126],
       [0.23968752],
       [0.24734376],
       [0.255     ],
       [0.26265624],
       [0.2703125 ],
       [0.27796873],
       [0.28562498],
       [0.29328126],
       [0.3009375 ],
       [0.30859375],
       [0.31625   ],
       [0.32390624],
       [0.3315625 ],
       [0.33921874],
       [0.346875  ],
       [0.35453126],
       [0.3621875 ],
       [0.36984375],
       [0.3775    ],
       [0.38515624],
       [0.3928125 ],
       [0.40046874],
       [0.40812498],
       [0.41578126],
       [0.4234375 ],
       [0.43109375],
       [0.43875   ],
       [0.44640625],
       [0.4540625 ],
       [0.46171874],
       [0.469375  ],
       [0.47703126],
       [0.4846875 ],
       [0.49234375],
       [0.5       ],
       [0.5076563 ],
       [0.5153125 ],
       [0.52296877],
       [0.530625  ],
       [0.53828126],
       [0.5459375 ],
       [0.55359375],
       [0.56125   ],
       [0.56890625],
       [0.5765625 ],
       [0.58421874],
       [0.591875  ],
       [0.59953123],
       [0.6071875 ],
       [0.6148437 ],
       [0.6225    ],
       [0.6301563 ],
       [0.6378125 ],
       [0.6454688 ],
       [0.653125  ],
       [0.66078126],
       [0.6684375 ],
       [0.67609376],
       [0.68375003],
       [0.69140625],
       [0.6990625 ],
       [0.70671874],
       [0.714375  ],
       [0.72203124],
       [0.7296875 ],
       [0.7373437 ],
       [0.745     ],
       [0.7526563 ],
       [0.7603125 ],
       [0.7679688 ],
       [0.775625  ],
       [0.78328127],
       [0.7909375 ],
       [0.79859376],
       [0.80625   ],
       [0.81390625],
       [0.8215625 ],
       [0.82921875],
       [0.836875  ],
       [0.84453124],
       [0.8521875 ],
       [0.85984373],
       [0.8675    ],
       [0.8751563 ],
       [0.8828125 ],
       [0.8904688 ],
       [0.898125  ],
       [0.90578127],
       [0.9134375 ],
       [0.92109376],
       [0.92875004],
       [0.93640625],
       [0.94406253],
       [0.95171875],
       [0.959375  ],
       [0.96703124],
       [0.9746875 ],
       [0.98234373],
       [0.99      ]], dtype=float32)>, 'R_interval_size': <tf.Tensor: shape=(1,), dtype=float32, numpy=array([0.00765625], dtype=float32)>, 'Y': <tf.Tensor: shape=(129, 1), dtype=float32, numpy=
array([[0.       ],
       [0.0234375],
       [0.046875 ],
       [0.0703125],
       [0.09375  ],
       [0.1171875],
       [0.140625 ],
       [0.1640625],
       [0.1875   ],
       [0.2109375],
       [0.234375 ],
       [0.2578125],
       [0.28125  ],
       [0.3046875],
       [0.328125 ],
       [0.3515625],
       [0.375    ],
       [0.3984375],
       [0.421875 ],
       [0.4453125],
       [0.46875  ],
       [0.4921875],
       [0.515625 ],
       [0.5390625],
       [0.5625   ],
       [0.5859375],
       [0.609375 ],
       [0.6328125],
       [0.65625  ],
       [0.6796875],
       [0.703125 ],
       [0.7265625],
       [0.75     ],
       [0.7734375],
       [0.796875 ],
       [0.8203125],
       [0.84375  ],
       [0.8671875],
       [0.890625 ],
       [0.9140625],
       [0.9375   ],
       [0.9609375],
       [0.984375 ],
       [1.0078125],
       [1.03125  ],
       [1.0546875],
       [1.078125 ],
       [1.1015625],
       [1.125    ],
       [1.1484375],
       [1.171875 ],
       [1.1953125],
       [1.21875  ],
       [1.2421875],
       [1.265625 ],
       [1.2890625],
       [1.3125   ],
       [1.3359375],
       [1.359375 ],
       [1.3828125],
       [1.40625  ],
       [1.4296875],
       [1.453125 ],
       [1.4765625],
       [1.5      ],
       [1.5234375],
       [1.546875 ],
       [1.5703125],
       [1.59375  ],
       [1.6171875],
       [1.640625 ],
       [1.6640625],
       [1.6875   ],
       [1.7109375],
       [1.734375 ],
       [1.7578125],
       [1.78125  ],
       [1.8046875],
       [1.828125 ],
       [1.8515625],
       [1.875    ],
       [1.8984375],
       [1.921875 ],
       [1.9453125],
       [1.96875  ],
       [1.9921875],
       [2.015625 ],
       [2.0390625],
       [2.0625   ],
       [2.0859375],
       [2.109375 ],
       [2.1328125],
       [2.15625  ],
       [2.1796875],
       [2.203125 ],
       [2.2265625],
       [2.25     ],
       [2.2734375],
       [2.296875 ],
       [2.3203125],
       [2.34375  ],
       [2.3671875],
       [2.390625 ],
       [2.4140625],
       [2.4375   ],
       [2.4609375],
       [2.484375 ],
       [2.5078125],
       [2.53125  ],
       [2.5546875],
       [2.578125 ],
       [2.6015625],
       [2.625    ],
       [2.6484375],
       [2.671875 ],
       [2.6953125],
       [2.71875  ],
       [2.7421875],
       [2.765625 ],
       [2.7890625],
       [2.8125   ],
       [2.8359375],
       [2.859375 ],
       [2.8828125],
       [2.90625  ],
       [2.9296875],
       [2.953125 ],
       [2.9765625],
       [3.       ]], dtype=float32)>, 'Y_interval_size': <tf.Tensor: shape=(1,), dtype=float32, numpy=array([0.0234375], dtype=float32)>, 'log_I_g': <tf.Tensor: shape=(129, 1), dtype=float32, numpy=
array([[1.       ],
       [1.0390625],
       [1.078125 ],
       [1.1171875],
       [1.15625  ],
       [1.1953125],
       [1.234375 ],
       [1.2734375],
       [1.3125   ],
       [1.3515625],
       [1.390625 ],
       [1.4296875],
       [1.46875  ],
       [1.5078125],
       [1.546875 ],
       [1.5859375],
       [1.625    ],
       [1.6640625],
       [1.703125 ],
       [1.7421875],
       [1.78125  ],
       [1.8203125],
       [1.859375 ],
       [1.8984375],
       [1.9375   ],
       [1.9765625],
       [2.015625 ],
       [2.0546875],
       [2.09375  ],
       [2.1328125],
       [2.171875 ],
       [2.2109375],
       [2.25     ],
       [2.2890625],
       [2.328125 ],
       [2.3671875],
       [2.40625  ],
       [2.4453125],
       [2.484375 ],
       [2.5234375],
       [2.5625   ],
       [2.6015625],
       [2.640625 ],
       [2.6796875],
       [2.71875  ],
       [2.7578125],
       [2.796875 ],
       [2.8359375],
       [2.875    ],
       [2.9140625],
       [2.953125 ],
       [2.9921875],
       [3.03125  ],
       [3.0703125],
       [3.109375 ],
       [3.1484375],
       [3.1875   ],
       [3.2265625],
       [3.265625 ],
       [3.3046875],
       [3.34375  ],
       [3.3828125],
       [3.421875 ],
       [3.4609375],
       [3.5      ],
       [3.5390625],
       [3.578125 ],
       [3.6171875],
       [3.65625  ],
       [3.6953125],
       [3.734375 ],
       [3.7734375],
       [3.8125   ],
       [3.8515625],
       [3.890625 ],
       [3.9296875],
       [3.96875  ],
       [4.0078125],
       [4.046875 ],
       [4.0859375],
       [4.125    ],
       [4.1640625],
       [4.203125 ],
       [4.2421875],
       [4.28125  ],
       [4.3203125],
       [4.359375 ],
       [4.3984375],
       [4.4375   ],
       [4.4765625],
       [4.515625 ],
       [4.5546875],
       [4.59375  ],
       [4.6328125],
       [4.671875 ],
       [4.7109375],
       [4.75     ],
       [4.7890625],
       [4.828125 ],
       [4.8671875],
       [4.90625  ],
       [4.9453125],
       [4.984375 ],
       [5.0234375],
       [5.0625   ],
       [5.1015625],
       [5.140625 ],
       [5.1796875],
       [5.21875  ],
       [5.2578125],
       [5.296875 ],
       [5.3359375],
       [5.375    ],
       [5.4140625],
       [5.453125 ],
       [5.4921875],
       [5.53125  ],
       [5.5703125],
       [5.609375 ],
       [5.6484375],
       [5.6875   ],
       [5.7265625],
       [5.765625 ],
       [5.8046875],
       [5.84375  ],
       [5.8828125],
       [5.921875 ],
       [5.9609375],
       [6.       ]], dtype=float32)>, 'log_I_g_interval_size': <tf.Tensor: shape=(1,), dtype=float32, numpy=array([0.0390625], dtype=float32)>}
